0.999999988 0.000041765 0.000148092 0.000084300 -0.000041764 0.999999999 -0.000004649 -0.000150200 -0.000148093 0.000004643 0.999999989 0.000895121
0.999999801 0.000043206 0.000628854 0.000840050 -0.000043230 0.999999998 0.000037471 -0.000183239 -0.000628852 -0.000037498 0.999999802 -0.002588501
0.999999937 0.000129645 0.000331816 -0.000156751 -0.000129676 0.999999987 0.000093616 -0.000367260 -0.000331804 -0.000093659 0.999999941 0.001516592
0.999999965 0.000260271 -0.000047671 -0.001418166 -0.000260266 0.999999959 0.000116536 -0.000643094 0.000047701 -0.000116524 0.999999992 0.006348299
0.999999909 0.000352269 -0.000241605 -0.002459371 -0.000352237 0.999999929 0.000132731 -0.000933009 0.000241652 -0.000132646 0.999999962 0.011385521
0.999999937 0.000334144 -0.000117770 -0.003045998 -0.000334121 0.999999925 0.000195659 -0.001017727 0.000117835 -0.000195619 0.999999974 0.015966263
0.999999753 0.000373473 0.000595100 -0.003626065 -0.000373599 0.999999908 0.000211923 -0.001206266 -0.000595021 -0.000212145 0.999999800 0.019632123
0.999999088 0.000397057 0.001290834 -0.003334003 -0.000397249 0.999999910 0.000148020 -0.001309934 -0.001290775 -0.000148532 0.999999156 0.023589669
0.999998638 0.000448624 0.001588487 -0.003050368 -0.000448800 0.999999893 0.000110325 -0.001530816 -0.001588437 -0.000111038 0.999998732 0.027897440
0.999997911 0.000505777 0.001980543 -0.005215337 -0.000506040 0.999999863 0.000132111 -0.001733035 -0.001980476 -0.000133113 0.999998030 0.027183279
0.999996134 0.000577173 0.002719929 -0.007387427 -0.000577616 0.999999820 0.000162405 -0.001919857 -0.002719835 -0.000163976 0.999996288 0.026903143
0.999993365 0.000636345 0.003586869 -0.008894687 -0.000636753 0.999999791 0.000112630 -0.002114190 -0.003586796 -0.000114913 0.999993561 0.027334230
0.999989523 0.000690847 0.004525193 -0.009659909 -0.000691230 0.999999758 0.000082923 -0.002317006 -0.004525135 -0.000086050 0.999989758 0.028310526
0.999986307 0.000764679 0.005176879 -0.009992152 -0.000765041 0.999999705 0.000067846 -0.002510759 -0.005176826 -0.000071806 0.999986598 0.029881099
0.999980580 0.000818562 0.006178178 -0.008446664 -0.000818715 0.999999665 0.000022301 -0.002542079 -0.006178158 -0.000027359 0.999980915 0.027602520
0.999974895 0.000861992 0.007033216 -0.006607682 -0.000861392 0.999999625 -0.000088454 -0.002561025 -0.007033289 0.000082393 0.999975263 0.026064184
0.999968298 0.000846870 0.007917412 -0.004521589 -0.000845110 0.999999617 -0.000225646 -0.002461106 -0.007917600 0.000218947 0.999968631 0.024776490
0.999950520 0.000663948 0.009925589 -0.003516288 -0.000660448 0.999999719 -0.000355899 -0.002143445 -0.009925823 0.000349326 0.999950677 0.021873940
0.999957048 0.000533926 0.009252939 -0.005148565 -0.000529327 0.999999735 -0.000499457 -0.001774422 -0.009253203 0.000494538 0.999957066 0.033322901
0.999963107 0.000416495 0.008579647 -0.006088365 -0.000410641 0.999999682 -0.000684000 -0.001452361 -0.008579929 0.000680452 0.999962960 0.044738829
0.999958662 0.000332536 0.009086463 -0.007971334 -0.000324770 0.999999581 -0.000856210 -0.001221379 -0.009086744 0.000853224 0.999958351 0.050159812
0.999972148 0.000186382 0.007461104 -0.004640504 -0.000179119 0.999999510 -0.000974025 -0.000963343 -0.007461282 0.000972662 0.999971691 0.054481909
0.999970692 0.000041753 0.007655998 -0.003751992 -0.000033524 0.999999422 -0.001075051 -0.000657394 -0.007656038 0.001074762 0.999970115 0.066876382
0.999971713 -0.000089687 0.007520995 0.006863091 0.000098688 0.999999279 -0.001196444 -0.000496547 -0.007520883 0.001197152 0.999971001 0.085982509
0.999955744 -0.000194977 0.009405952 0.005220364 0.000206937 0.999999171 -0.001270580 -0.000462985 -0.009405697 0.001272470 0.999954956 0.102285504
0.999964289 -0.000284647 0.008446342 0.016103320 0.000295720 0.999999099 -0.001309771 -0.000481537 -0.008445962 0.001312222 0.999963471 0.118082881
0.999965232 -0.000423147 0.008328029 0.010825636 0.000434472 0.999998983 -0.001358062 -0.000337422 -0.008327446 0.001361633 0.999964399 0.135600746
0.999940924 -0.000501689 0.010858025 0.000597598 0.000517266 0.999998841 -0.001431851 -0.000256439 -0.010857294 0.001437383 0.999940025 0.155820489
0.999910899 -0.000429932 0.013342042 -0.008811329 0.000449805 0.999998794 -0.001486535 -0.000395556 -0.013341387 0.001492404 0.999909886 0.175710946
0.999887233 -0.000269529 0.015014927 -0.015703011 0.000292424 0.999998798 -0.001522678 -0.000424871 -0.015014499 0.001526897 0.999886110 0.193900883
0.999856770 -0.000088576 0.016924265 -0.017207902 0.000115887 0.999998693 -0.001612722 -0.000488010 -0.016924100 0.001614453 0.999855474 0.209116369
0.999821401 0.000140883 0.018898290 -0.017843960 -0.000106806 0.999998367 -0.001804179 -0.000716227 -0.018898513 0.001801838 0.999819784 0.224196330
0.999814922 0.000183958 0.019237661 -0.019922547 -0.000146173 0.999998058 -0.001965515 -0.000683236 -0.019237985 0.001962340 0.999813007 0.229973182
0.999811675 0.000253206 0.019404887 -0.022067394 -0.000212911 0.999997817 -0.002078618 -0.000773646 -0.019405371 0.002074095 0.999809547 0.236715496
0.999802907 0.000311289 0.019850714 -0.023864646 -0.000267314 0.999997505 -0.002217881 -0.000811762 -0.019851355 0.002212137 0.999800495 0.244152546
0.999787045 0.000411535 0.020632404 -0.024948936 -0.000362321 0.999997081 -0.002388956 -0.000896718 -0.020633327 0.002380972 0.999784275 0.252105355
0.999766384 0.000352346 0.021611421 -0.025528561 -0.000297158 0.999996687 -0.002556836 -0.000861305 -0.021612250 0.002549816 0.999763176 0.260782480
0.999740311 0.000247024 0.022787066 -0.026458107 -0.000187001 0.999996508 -0.002636172 -0.000881345 -0.022787638 0.002631226 0.999736865 0.268623888
0.999711471 0.000190911 0.024019555 -0.028703088 -0.000125440 0.999996273 -0.002727220 -0.000913124 -0.024019986 0.002723420 0.999707769 0.284581333
0.999679969 0.000161379 0.025296904 -0.031023707 -0.000089161 0.999995918 -0.002855933 -0.001040878 -0.025297262 0.002852764 0.999675903 0.299995303
0.999646847 0.000091485 0.026573918 -0.031555030 -0.000013429 0.999995686 -0.002937478 -0.001171609 -0.026574072 0.002936084 0.999642535 0.316520482
0.999612461 0.000006099 0.027837522 -0.031845611 0.000076151 0.999995635 -0.002953582 -0.001390160 -0.027837418 0.002954557 0.999608098 0.333559155
0.999566146 -0.000089050 0.029453540 -0.031868435 0.000176682 0.999995566 -0.002972650 -0.001702596 -0.029453145 0.002976564 0.999561730 0.350510120
0.999538478 -0.000191183 0.030377536 -0.033025406 0.000285511 0.999995151 -0.003100886 -0.001829436 -0.030376795 0.003108128 0.999533686 0.375991613
0.999513572 -0.000302603 0.031185383 -0.032791417 0.000401413 0.999994919 -0.003162278 -0.001977924 -0.031184268 0.003173258 0.999508615 0.398711473
0.999492126 -0.000400386 0.031864230 -0.032633454 0.000501477 0.999994867 -0.003164612 -0.002219431 -0.031862799 0.003178984 0.999487197 0.421194047
0.999336711 -0.000460798 0.036413262 -0.039606690 0.000575831 0.999994877 -0.003148669 -0.002496866 -0.036411624 0.003167548 0.999331857 0.435179055
0.999163145 -0.000369474 0.040900781 -0.044472080 0.000498639 0.999994921 -0.003147865 -0.002915186 -0.040899410 0.003165625 0.999158254 0.452837557
0.998982100 -0.000275954 0.045107521 -0.048509862 0.000415341 0.999995168 -0.003080764 -0.003445422 -0.045106453 0.003096363 0.998977387 0.470925003
0.998800060 -0.000141044 0.048973671 -0.051715981 0.000286931 0.999995543 -0.002971876 -0.003947950 -0.048973033 0.002982362 0.998795649 0.489109457
0.998607334 -0.000006802 0.052757873 -0.054546747 0.000160768 0.999995741 -0.002914109 -0.004456887 -0.052757629 0.002918533 0.998603082 0.507958770
0.998544785 0.000100112 0.053928669 -0.048930150 0.000056760 0.999995772 -0.002907342 -0.004931048 -0.053928732 0.002906173 0.998540558 0.531300426
0.998490309 0.000206394 0.054927781 -0.042950347 -0.000051232 0.999996005 -0.002826222 -0.005407786 -0.054928145 0.002819141 0.998486330 0.554039180
0.998431515 0.000296847 0.055985915 -0.036983613 -0.000143271 0.999996216 -0.002747106 -0.005931352 -0.055986519 0.002734776 0.998427779 0.576453209
0.998362438 0.000545805 0.057202666 -0.032467738 -0.000400197 0.999996651 -0.002556887 -0.006895578 -0.057203870 0.002529808 0.998359313 0.600118637
0.998303347 0.000794742 0.058221960 -0.028173562 -0.000654814 0.999996852 -0.002422379 -0.007816548 -0.058223702 0.002380144 0.998300724 0.624558449
0.998284453 0.001006498 0.058541768 -0.026101347 -0.000877091 0.999997115 -0.002236149 -0.008699771 -0.058543850 0.002180966 0.998282456 0.641758442
0.998197834 0.001088817 0.059999156 -0.029510979 -0.000963296 0.999997287 -0.002120940 -0.009330339 -0.060001303 0.002059321 0.998196175 0.652480006
0.998123602 0.001200668 0.061219547 -0.033397965 -0.001079149 0.999997382 -0.002018003 -0.009949978 -0.061221810 0.001948152 0.998122284 0.663448036
0.998065839 0.001325860 0.062151621 -0.036944281 -0.001208696 0.999997421 -0.001922705 -0.010549987 -0.062154010 0.001843863 0.998064867 0.674772024
0.998025433 0.001379992 0.062795940 -0.040273242 -0.001270946 0.999997615 -0.001776425 -0.011011355 -0.062798241 0.001693108 0.998024806 0.686734915
0.997971434 0.001583783 0.063643605 -0.042917691 -0.001486446 0.999997652 -0.001576737 -0.011718063 -0.063645953 0.001478936 0.997971445 0.698467553
0.997860082 0.001704207 0.065363242 -0.048215039 -0.001614793 0.999997687 -0.001420757 -0.012329474 -0.065365512 0.001312169 0.997860525 0.718231082
0.997772477 0.001844813 0.066683432 -0.053804763 -0.001764337 0.999997643 -0.001265695 -0.012890304 -0.066685610 0.001145223 0.997773380 0.737180591
0.997682573 0.001967229 0.068011865 -0.059474859 -0.001896598 0.999997593 -0.001103066 -0.013433823 -0.068013871 0.000971518 0.997683903 0.755178094
0.997604840 0.002090076 0.069139105 -0.065825313 -0.002029611 0.999997494 -0.000944783 -0.013995387 -0.069140906 0.000802195 0.997606582 0.772976935
