1.000000000 0.000000000 0.000000000 0.000000000 0.000000000 1.000000000 0.000000000 0.000000000 -0.000000000 0.000000000 1.000000000 0.000000000
0.999980007 -0.001278296 -0.006192887 -0.006115612 0.001283370 0.999998844 0.000815373 0.005342904 0.006191838 -0.000823305 0.999980491 0.025685515
0.999996347 0.000101840 -0.002700861 0.000345199 -0.000100249 0.999999821 0.000589123 0.013228871 0.002700921 -0.000588850 0.999996179 0.048134860
0.999993617 0.001356740 -0.003305351 0.001904984 -0.001351273 0.999997717 0.001655596 0.021588020 0.003307590 -0.001651119 0.999993167 0.063049346
0.999989144 0.002768005 -0.003748226 0.003975700 -0.002768051 0.999996169 -0.000007309 0.009989492 0.003748192 0.000017684 0.999992975 0.081611797
0.999988396 0.003217961 -0.003585142 0.001483339 -0.003197609 0.999978824 0.005668128 0.017701207 0.003603306 -0.005656598 0.999977509 0.098782271
0.999998783 -0.000330184 -0.001524638 0.003534187 0.000331955 0.999999271 0.001161031 0.021384656 0.001524254 -0.001161536 0.999998164 0.116400808
0.999991183 -0.001584997 -0.003888758 0.006878805 0.001604379 0.999986283 0.004986046 0.009664045 0.003880802 -0.004992241 0.999980008 0.138325110
0.999982957 0.002881385 -0.005077727 0.010687208 -0.002870647 0.999993631 0.002120819 0.013101557 0.005083806 -0.002106206 0.999984859 0.167065084
0.999991478 0.000571051 -0.004088841 0.009253444 -0.000559104 0.999995573 0.002922398 0.008802388 0.004090491 -0.002920087 0.999987370 0.189066395
0.999995788 0.000201356 -0.002895301 0.009328194 -0.000208305 0.999997098 -0.002400217 0.019132813 0.002894810 0.002400810 0.999992928 0.211160347
0.999981479 -0.001570151 -0.005880233 0.011433460 0.001595763 0.999989250 0.004353542 0.008209412 0.005873334 -0.004362845 0.999973234 0.236486167
0.999989141 0.001430731 -0.004435150 0.018666390 -0.001420980 0.999996568 0.002200934 0.006996829 0.004438284 -0.002194608 0.999987743 0.255653620
0.999986590 -0.001290586 -0.005015375 0.019804919 0.001314724 0.999987555 0.004812638 0.001562634 0.005009102 -0.004819167 0.999975842 0.277912289
0.999967192 0.003989127 -0.007049913 0.020523889 -0.003946273 0.999973716 0.006082268 0.014486923 0.007073991 -0.006054247 0.999956651 0.305689991
0.999962292 0.006304575 -0.005972186 0.022949209 -0.006280963 0.999972417 0.003964152 0.016270535 0.005997013 -0.003926492 0.999974309 0.316678345
0.999926922 0.006716716 -0.010051646 0.024242813 -0.006685006 0.999972583 0.003184910 0.023274120 0.010072762 -0.003117482 0.999944409 0.338918388
0.999920651 0.007415591 -0.010183357 0.019090017 -0.007364683 0.999960242 0.005027589 0.024827868 0.010220235 -0.004952193 0.999935509 0.357254744
0.999979509 0.004267748 -0.004771485 0.028229464 -0.004242423 0.999976928 0.005305145 0.015999708 0.004794016 -0.005284794 0.999974544 0.374530494
0.999969293 0.004039054 -0.006715566 0.023200316 -0.003968580 0.999937265 0.010474609 0.013255434 0.006757452 -0.010447636 0.999922589 0.401740283
0.999950400 0.005454781 -0.008333269 0.025493035 -0.005416817 0.999974879 0.004571548 0.016306862 0.008357997 -0.004526181 0.999954828 0.423234254
0.999973662 0.005194439 -0.005068748 0.030370036 -0.005174806 0.999979087 0.003878937 0.015492733 0.005088791 -0.003852605 0.999979631 0.440204173
0.999925318 0.004491086 -0.011366158 0.031642713 -0.004400477 0.999958442 0.007984342 0.016682718 0.011401544 -0.007933729 0.999903526 0.471376240
0.999945950 0.003437978 -0.009812139 0.026597539 -0.003391427 0.999982935 0.004756927 0.008964634 0.009828325 -0.004723393 0.999940545 0.493492514
0.999956081 0.006223621 -0.007007308 0.031458568 -0.006166306 0.999947600 0.008171534 0.010888362 0.007057797 -0.008127966 0.999942060 0.512226880
0.999965406 0.004145640 -0.007211086 0.032933243 -0.004113590 0.999981622 0.004453600 0.022012325 0.007229417 -0.004423783 0.999964082 0.531241119
0.999929192 0.006343689 -0.010068217 0.040415101 -0.006297428 0.999969499 0.004619818 0.017652230 0.010097217 -0.004556087 0.999938642 0.557659447
0.999951760 0.003412311 -0.009210475 0.040854793 -0.003338260 0.999962080 0.008043237 0.013693373 0.009237572 -0.008012102 0.999925234 0.584055722
0.999946511 0.005334754 -0.008860927 0.040195134 -0.005247884 0.999938225 0.009798220 0.018431431 0.008912650 -0.009751194 0.999912736 0.612765074
0.999938832 0.005016447 -0.009857344 0.034946509 -0.004956071 0.999968869 0.006139904 0.021880448 0.009887838 -0.006090675 0.999932565 0.625320971
0.999936929 0.003612779 -0.010634199 0.038057841 -0.003513502 0.999950213 0.009339568 0.006067509 0.010667411 -0.009301616 0.999899838 0.648529887
0.999950060 0.004440785 -0.008953076 0.035831314 -0.004358164 0.999947936 0.009226644 0.007514589 0.008993584 -0.009187164 0.999917352 0.670833528
0.999941129 0.003702987 -0.010199312 0.039864354 -0.003583964 0.999925558 0.011663354 0.011554460 0.010241742 -0.011626113 0.999879963 0.694061637
